행정구역별(시군구),연령별,내국인(15세이상)-계,내국인-미혼,내국인-배우자있음,내국인-사별,내국인-이혼,남자(15세이상)-계,남자-미혼,남자-배우자있음,남자-사별,남자-이혼,여자(15세이상)-계,여자-미혼,여자-배우자있음,여자-사별,여자-이혼
전국,합계,43957547,13688458,24575224,3148458,2545407,21798966,7854582,12333708,452200,1158476,22158581,5833876,12241516,2696258,1386931
전국,15~19세,2422002,2420971,937,28,66,1258885,1258692,153,9,31,1163117,1162279,784,19,35
전국,20~24세,3193316,3148848,39256,1379,3833,1670636,1656601,11059,1191,1785,1522680,1492247,28197,188,2048
전국,25~29세,3423231,2991167,409775,3426,18863,1813896,1672063,131318,2824,7691,1609335,1319104,278457,602,11172
전국,30~34세,3032832,1710284,1273637,4465,44446,1579900,1041390,520441,2541,15528,1452932,668894,753196,1924,28918
전국,35~39세,3594213,1104943,2365308,9478,114484,1841713,696579,1097619,3793,43722,1752500,408364,1267689,5685,70762
전국,40~44세,3758298,790811,2739953,20057,207477,1909518,518458,1301216,6120,83724,1848780,272353,1438737,13937,123753
전국,45~49세,4195327,636384,3137305,47033,374605,2123611,434366,1522453,11723,155069,2071716,202018,1614852,35310,219536
전국,50~54세,4245683,395244,3270011,101598,478830,2130025,279033,1615025,22094,213873,2115658,116211,1654986,79504,264957
전국,55~59세,4091920,223096,3215458,180679,472687,2051221,156631,1638157,34534,221899,2040699,66465,1577301,146145,250788
전국,60~64세,3795217,133490,2953739,306576,401412,1869359,84205,1540812,50414,193928,1925858,49285,1412927,256162,207484
전국,65~69세,2685773,63431,2021474,368532,232336,1291921,33664,1084290,54656,119311,1393852,29767,937184,313876,113025
전국,70~74세,2009542,29591,1420783,445754,113414,938910,13170,804997,60363,60380,1070632,16421,615786,385391,53034
전국,75~79세,1593192,17647,968851,552387,54307,681766,6193,578661,68284,28628,911426,11454,390190,484103,25679
전국,80~84세,1115804,10593,532919,551805,20487,417754,2368,336917,68604,9865,698050,8225,196002,483201,10622
전국,85세이상,801197,11958,225818,555261,8160,219851,1169,150590,65050,3042,581346,10789,75228,490211,5118
동부,합계,35702423,11623115,19727424,2251539,2100345,17604432,6545580,9820192,324471,914189,18097991,5077535,9907232,1927068,1186156
동부,15~19세,2011443,2010652,729,12,50,1041080,1040930,116,7,27,970363,969722,613,5,23
동부,20~24세,2724712,2692150,29665,394,2503,1402796,1393607,8055,290,844,1321916,1298543,21610,104,1659
동부,25~29세,2968015,2621868,330394,1501,14252,1549736,1439104,104559,1062,5011,1418279,1182764,225835,439,9241
동부,30~34세,2600370,1491831,1069465,3250,35824,1342686,891203,437607,1735,12141,1257684,600628,631858,1515,23683
동부,35~39세,3040975,945040,1994826,7246,93863,1546177,582404,926039,2961,34773,1494798,362636,1068787,4285,59090
동부,40~44세,3153211,659417,2307114,16087,170593,1582926,420995,1090674,4867,66390,1570285,238422,1216440,11220,104203
동부,45~49세,3504295,519479,2635472,38138,311206,1744382,344323,1268529,9151,122379,1759913,175156,1366943,28987,188827
동부,50~54세,3492594,311866,2700155,81937,398636,1725205,214428,1323449,17430,169898,1767389,97438,1376706,64507,228738
동부,55~59세,3275213,169711,2573516,143202,388784,1622911,116508,1305308,26742,174353,1652302,53203,1268208,116460,214431
동부,60~64세,2963758,100741,2293427,238664,330926,1444864,61589,1192547,38023,152705,1518894,39152,1100880,200641,178221
동부,65~69세,2048066,48329,1529988,278476,191273,976878,24446,817740,40407,94285,1071188,23883,712248,238069,96988
동부,70~74세,1504438,22205,1056345,331674,94214,697466,9317,595772,44174,48203,806972,12888,460573,287500,46011
동부,75~79세,1137911,13364,693643,386018,44886,493479,4355,417480,48755,22889,644432,9009,276163,337263,21997
동부,80~84세,752034,7927,362439,364820,16848,287352,1594,231483,46400,7875,464682,6333,130956,318420,8973
동부,85세이상,525388,8535,150246,360120,6487,146494,777,100834,42467,2416,378894,7758,49412,317653,4071
읍부,합계,4232943,1175672,2460786,350961,245524,2148287,721766,1254378,50415,121728,2084656,453906,1206408,300546,123796
읍부,15~19세,250479,250345,111,14,9,131315,131295,17,-,3,119164,119050,94,14,6
읍부,20~24세,284498,277709,5863,334,592,158201,155892,1662,296,351,126297,121817,4201,38,241
읍부,25~29세,271862,220015,48915,664,2268,153111,135113,16330,595,1073,118751,84902,32585,69,1195
읍부,30~34세,260595,125379,129533,555,5128,139540,84609,52754,348,1829,121055,40770,76779,207,3299
읍부,35~39세,342991,88082,240771,1225,12913,177803,61645,110429,421,5308,165188,26437,130342,804,7605
읍부,40~44세,379340,69794,284212,2424,22910,196784,50502,135832,624,9826,182556,19292,148380,1800,13084
읍부,45~49세,416389,57594,315193,5188,38414,220404,43283,157949,1320,17852,195985,14311,157244,3868,20562
읍부,50~54세,412454,37923,318076,10905,45550,217312,28840,163616,2353,22503,195142,9083,154460,8552,23047
읍부,55~59세,392839,21831,308374,18354,44280,204379,15805,162150,3482,22942,188460,6026,146224,14872,21338
읍부,60~64세,367381,13692,286264,31305,36120,185604,9009,152126,5191,19278,181777,4683,134138,26114,16842
읍부,65~69세,263015,5926,197042,39450,20597,127605,3311,106960,6019,11315,135410,2615,90082,33431,9282
읍부,70~74세,202543,3125,142179,47616,9623,95314,1433,81534,6694,5653,107229,1692,60645,40922,3970
읍부,75~79세,168574,1713,99965,62245,4651,70500,632,59778,7491,2599,98074,1081,40187,54754,2052
읍부,80~84세,126310,1064,59030,64521,1695,45888,260,36721,7986,921,80422,804,22309,56535,774
읍부,85세이상,93673,1480,25258,66161,774,24527,137,16520,7595,275,69146,1343,8738,58566,499
면부,합계,4022181,889671,2387014,545958,199538,2046247,587236,1259138,77314,122559,1975934,302435,1127876,468644,76979
면부,15~19세,160080,159974,97,2,7,86490,86467,20,2,1,73590,73507,77,-,6
면부,20~24세,184106,178989,3728,651,738,109639,107102,1342,605,590,74467,71887,2386,46,148
면부,25~29세,183354,149284,30466,1261,2343,111049,97846,10429,1167,1607,72305,51438,20037,94,736
면부,30~34세,171867,93074,74639,660,3494,97674,65578,30080,458,1558,74193,27496,44559,202,1936
면부,35~39세,210247,71821,129711,1007,7708,117733,52530,61151,411,3641,92514,19291,68560,596,4067
면부,40~44세,225747,61600,148627,1546,13974,129808,46961,74710,629,7508,95939,14639,73917,917,6466
면부,45~49세,274643,59311,186640,3707,24985,158825,46760,95975,1252,14838,115818,12551,90665,2455,10147
면부,50~54세,340635,45455,251780,8756,34644,187508,35765,127960,2311,21472,153127,9690,123820,6445,13172
면부,55~59세,423868,31554,333568,19123,39623,223931,24318,170699,4310,24604,199937,7236,162869,14813,15019
면부,60~64세,464078,19057,374048,36607,34366,238891,13607,196139,7200,21945,225187,5450,177909,29407,12421
면부,65~69세,374692,9176,294444,50606,20466,187438,5907,159590,8230,13711,187254,3269,134854,42376,6755
면부,70~74세,302561,4261,222259,66464,9577,146130,2420,127691,9495,6524,156431,1841,94568,56969,3053
면부,75~79세,286707,2570,175243,104124,4770,117787,1206,101403,12038,3140,168920,1364,73840,92086,1630
면부,80~84세,237460,1602,111450,122464,1944,84514,514,68713,14218,1069,152946,1088,42737,108246,875
면부,85세이상,182136,1943,50314,128980,899,48830,255,33236,14988,351,133306,1688,17078,113992,548
서울특별시,합계,8264053,3025907,4303286,486121,448739,3983084,1587798,2136431,69984,188871,4280969,1438109,2166855,416137,259868
서울특별시,15~19세,401028,400939,89,-,-,203117,203107,10,-,-,197911,197832,79,-,-
서울특별시,20~24세,625922,621900,3704,29,289,294271,293041,1113,20,97,331651,328859,2591,9,192
서울특별시,25~29세,795700,734880,58478,183,2159,390712,371919,17867,143,783,404988,362961,40611,40,1376
서울특별시,30~34세,692702,457657,228112,595,6338,346673,251021,93192,314,2146,346029,206636,134920,281,4192
서울특별시,35~39세,711638,285293,408960,1222,16163,358471,159492,192366,575,6038,353167,125801,216594,647,10125
서울특별시,40~44세,682858,187775,461317,2814,30952,339144,107760,218305,800,12279,343714,80015,243012,2014,18673
서울특별시,45~49세,754043,145862,541426,6904,59851,372828,88105,261044,1706,21973,381215,57757,280382,5198,37878
서울특별시,50~54세,739434,86586,556260,15811,80777,361142,54998,269905,3331,32908,378292,31588,286355,12480,47869
서울특별시,55~59세,706269,47734,546138,28334,84063,341957,30712,269340,5381,36524,364312,17022,276798,22953,47539
서울특별시,60~64세,681960,29155,526701,49995,76109,322405,16452,265241,7882,32830,359555,12703,261460,42113,43279
서울특별시,65~69세,504509,14295,382119,60282,47813,236100,6770,198263,8666,22401,268409,7525,183856,51616,25412
서울특별시,70~74세,386271,6641,277182,77385,25063,177553,2671,152755,10140,11987,208718,3970,124427,67245,13076
서울특별시,75~79세,288272,3748,183791,87852,12881,129924,1190,110824,11673,6237,158348,2558,72967,76179,6644
서울특별시,80~84세,177482,1959,92237,78769,4517,72859,430,60312,10041,2076,104623,1529,31925,68728,2441
서울특별시,85세이상,115965,1483,36772,75946,1764,35928,130,25894,9312,592,80037,1353,10878,66634,1172
부산광역시,합계,2938915,905478,1603580,242666,187191,1426453,512916,795592,33492,84453,1512462,392562,807988,209174,102738
부산광역시,15~19세,142835,142766,58,6,5,74287,74275,6,6,-,68548,68491,52,-,5
부산광역시,20~24세,208516,206550,1795,16,155,107823,107279,483,15,46,100693,99271,1312,1,109
부산광역시,25~29세,217205,194905,21265,143,892,114449,107589,6461,100,299,102756,87316,14804,43,593
부산광역시,30~34세,183399,111291,69514,210,2384,94489,65876,27679,127,807,88910,45415,41835,83,1577
부산광역시,35~39세,219837,75236,136816,511,7274,111880,45730,63144,242,2764,107957,29506,73672,269,4510
부산광역시,40~44세,232022,58850,158975,1355,12842,117674,37470,74829,403,4972,114348,21380,84146,952,7870
부산광역시,45~49세,257136,47654,181641,3137,24704,127837,31222,86020,638,9957,129299,16432,95621,2499,14747
부산광역시,50~54세,270923,29631,200804,7455,33033,131303,20454,94944,1365,14540,139620,9177,105860,6090,18493
부산광역시,55~59세,279631,16116,215428,14074,34013,133324,11194,104101,2467,15562,146307,4922,111327,11607,18451
부산광역시,60~64세,290043,10608,220692,26268,32475,136907,7002,110264,4014,15627,153136,3606,110428,22254,16848
부산광역시,65~69세,223235,5488,163592,33170,20985,104785,2814,86208,5019,10744,118450,2674,77384,28151,10241
부산광역시,70~74세,164204,2607,111942,39115,10540,75527,1181,63949,4996,5401,88677,1426,47993,34119,5139
부산광역시,75~79세,122172,1659,72353,43206,4954,53302,572,44782,5410,2538,68870,1087,27571,37796,2416
부산광역시,80~84세,77596,1006,35510,38923,2157,29507,160,23575,4873,899,48089,846,11935,34050,1258
부산광역시,85세이상,50161,1111,13195,35077,778,13359,98,9147,3817,297,36802,1013,4048,31260,481
대구광역시,합계,2091857,648385,1166601,155733,121138,1025773,375666,576057,21434,52616,1066084,272719,590544,134299,68522
대구광역시,15~19세,119179,119153,26,-,-,62603,62601,2,-,-,56576,56552,24,-,-
대구광역시,20~24세,159127,157631,1384,19,93,84584,84138,405,8,33,74543,73493,979,11,60
대구광역시,25~29세,156979,139543,16639,80,717,84853,79516,5047,54,236,72126,60027,11592,26,481
대구광역시,30~34세,131598,76028,53634,221,1715,70711,47952,22071,138,550,60887,28076,31563,83,1165
대구광역시,35~39세,155831,48230,102781,407,4413,78721,30677,46450,167,1427,77110,17553,56331,240,2986
대구광역시,40~44세,171791,36007,125730,919,9135,85270,23582,58218,256,3214,86521,12425,67512,663,5921
대구광역시,45~49세,202067,31379,150613,2456,17619,98782,21201,70523,564,6494,103285,10178,80090,1892,11125
대구광역시,50~54세,212551,18148,164710,5610,24083,103853,12723,79403,1176,10551,108698,5425,85307,4434,13532
대구광역시,55~59세,205215,10313,160648,10238,24016,100043,7377,80071,1868,10727,105172,2936,80577,8370,13289
대구광역시,60~64세,184181,5687,142792,16028,19674,89330,3571,73672,2613,9474,94851,2116,69120,13415,10200
대구광역시,65~69세,134624,2598,100360,20416,11250,62800,1349,53246,2716,5489,71824,1249,47114,17700,5761
대구광역시,70~74세,97307,1420,68321,22811,4755,44187,545,37969,3059,2614,53120,875,30352,19752,2141
대구광역시,75~79세,75689,1016,45408,26977,2288,31584,252,27183,2956,1193,44105,764,18225,24021,1095
대구광역시,80~84세,51585,592,23882,26115,996,18928,105,15325,3018,480,32657,487,8557,23097,516
대구광역시,85세이상,34133,640,9673,23436,384,9524,77,6472,2841,134,24609,563,3201,20595,250
인천광역시,합계,2489630,787820,1364885,158411,178514,1239308,453549,681665,24187,79907,1250322,334271,683220,134224,98607
인천광역시,15~19세,135404,135317,83,4,-,69640,69628,12,-,-,65764,65689,71,4,-
인천광역시,20~24세,176352,173321,2540,119,372,91324,90336,742,103,143,85028,82985,1798,16,229
인천광역시,25~29세,206715,179869,25108,222,1516,108376,99181,8513,183,499,98339,80688,16595,39,1017
인천광역시,30~34세,178600,102260,72636,277,3427,93053,61676,30059,178,1140,85547,40584,42577,99,2287
인천광역시,35~39세,212499,64641,138983,563,8312,109421,41560,64455,238,3168,103078,23081,74528,325,5144
인천광역시,40~44세,221969,45560,160444,1074,14891,113714,31094,76350,447,5823,108255,14466,84094,627,9068
인천광역시,45~49세,243799,36761,177778,3063,26197,123607,26009,86013,908,10677,120192,10752,91765,2155,15520
인천광역시,50~54세,248733,22933,186547,5704,33549,122760,16760,90572,1206,14222,125973,6173,95975,4498,19327
인천광역시,55~59세,248403,13264,190169,11075,33895,124238,9637,96547,2183,15871,124165,3627,93622,8892,18024
인천광역시,60~64세,217086,7255,164388,17438,28005,108336,4808,86908,3167,13453,108750,2447,77480,14271,14552
인천광역시,65~69세,137888,3054,100139,19189,15506,67219,1743,54307,3034,8135,70669,1311,45832,16155,7371
인천광역시,70~74세,99792,1441,68618,22201,7532,47322,631,39415,3190,4086,52470,810,29203,19011,3446
인천광역시,75~79세,74106,862,43742,25992,3510,31931,278,26491,3282,1880,42175,584,17251,22710,1630
인천광역시,80~84세,50165,616,23227,24956,1366,18408,157,14461,3169,621,31757,459,8766,21787,745
인천광역시,85세이상,38119,666,10483,26534,436,9959,51,6820,2899,189,28160,615,3663,23635,247
광주광역시,합계,1253624,413879,687298,82895,69552,618199,236101,340304,11469,30325,635425,177778,346994,71426,39227
광주광역시,15~19세,80887,80848,39,-,-,41996,41989,7,-,-,38891,38859,32,-,-
광주광역시,20~24세,108360,106900,1311,12,137,55942,55513,375,6,48,52418,51387,936,6,89
광주광역시,25~29세,101494,89139,11702,35,618,53190,49321,3637,22,210,48304,39818,8065,13,408
광주광역시,30~34세,81265,46149,33702,101,1313,41949,27909,13481,58,501,39316,18240,20221,43,812
광주광역시,35~39세,102632,30840,67877,358,3557,52109,20109,30741,135,1124,50523,10731,37136,223,2433
광주광역시,40~44세,112603,22628,82469,720,6786,56016,15448,37966,209,2393,56587,7180,44503,511,4393
광주광역시,45~49세,126826,16847,96520,1494,11965,63237,12099,45961,276,4901,63589,4748,50559,1218,7064
광주광역시,50~54세,124416,9578,98415,3114,13309,62290,6986,49219,597,5488,62126,2592,49196,2517,7821
광주광역시,55~59세,110423,4951,87531,5456,12485,55115,3523,45035,994,5563,55308,1428,42496,4462,6922
광주광역시,60~64세,97836,3030,76336,8475,9995,47765,1918,39549,1386,4912,50071,1112,36787,7089,5083
광주광역시,65~69세,66157,1471,49204,10062,5420,31285,803,26160,1287,3035,34872,668,23044,8775,2385
광주광역시,70~74세,53206,531,37952,12362,2361,24435,222,21161,1773,1279,28771,309,16791,10589,1082
광주광역시,75~79세,40590,391,25155,13978,1066,17503,147,15127,1608,621,23087,244,10028,12370,445
광주광역시,80~84세,27090,269,13287,13142,392,10121,90,8255,1577,199,16969,179,5032,11565,193
광주광역시,85세이상,19839,307,5798,13586,148,5246,24,3630,1541,51,14593,283,2168,12045,97
대전광역시,합계,1282816,436368,690893,81125,74430,639996,249596,345047,12745,32608,642820,186772,345846,68380,41822
대전광역시,15~19세,82649,82623,24,1,1,43201,43195,6,-,-,39448,39428,18,1,1
대전광역시,20~24세,118916,117323,1482,1,110,61742,61395,316,1,30,57174,55928,1166,-,80
대전광역시,25~29세,109481,94831,14036,52,562,59724,54722,4777,43,182,49757,40109,9259,9,380
대전광역시,30~34세,89214,50628,36920,115,1551,47935,31973,15389,64,509,41279,18655,21531,51,1042
대전광역시,35~39세,101066,30044,67200,326,3496,51661,18642,31573,114,1332,49405,11402,35627,212,2164
대전광역시,40~44세,108048,21828,79395,648,6177,53719,14038,36929,208,2544,54329,7790,42466,440,3633
대전광역시,45~49세,123677,16849,94118,1494,11216,61703,11385,45305,350,4663,61974,5464,48813,1144,6553
대전광역시,50~54세,123339,10031,96262,2906,14140,61482,6867,48003,646,5966,61857,3164,48259,2260,8174
대전광역시,55~59세,114107,5403,89565,5221,13918,56731,3737,45651,1123,6220,57376,1666,43914,4098,7698
대전광역시,60~64세,103939,3316,79953,8861,11809,50871,2155,41668,1515,5533,53068,1161,38285,7346,6276
대전광역시,65~69세,71000,1538,53161,10008,6293,34293,799,28857,1549,3088,36707,739,24304,8459,3205
대전광역시,70~74세,51076,722,35670,11546,3138,24034,381,20473,1638,1542,27042,341,15197,9908,1596
대전광역시,75~79세,39406,535,24268,13226,1377,17094,205,14263,1911,715,22312,330,10005,11315,662
대전광역시,80~84세,26851,295,13107,13005,444,10171,57,8120,1764,230,16680,238,4987,11241,214
대전광역시,85세이상,20047,402,5732,13715,198,5635,45,3717,1819,54,14412,357,2015,11896,144
울산광역시,합계,955292,272976,575959,54511,51846,491042,167934,290681,8052,24375,464250,105042,285278,46459,27471
울산광역시,15~19세,53698,53679,19,-,-,29018,29010,8,-,-,24680,24669,11,-,-
울산광역시,20~24세,65714,64876,777,8,53,37891,37718,155,1,17,27823,27158,622,7,36
울산광역시,25~29세,71870,61036,10393,45,396,40592,37210,3215,15,152,31278,23826,7178,30,244
울산광역시,30~34세,66456,33164,32254,93,945,36280,22219,13662,44,355,30176,10945,18592,49,590
울산광역시,35~39세,83173,20906,59549,197,2521,43341,14278,27944,97,1022,39832,6628,31605,100,1499
울산광역시,40~44세,87657,14968,67632,395,4662,45455,10495,32759,153,2048,42202,4473,34873,242,2614
울산광역시,45~49세,95717,11006,75665,978,8068,47592,7882,35896,264,3550,48125,3124,39769,714,4518
울산광역시,50~54세,104946,6385,86370,2247,9944,52214,4709,42152,582,4771,52732,1676,44218,1665,5173
울산광역시,55~59세,100781,3013,84316,4028,9424,52055,2134,44700,784,4437,48726,879,39616,3244,4987
울산광역시,60~64세,85533,2072,69009,6230,8222,43219,1411,36788,1040,3980,42314,661,32221,5190,4242
울산광역시,65~69세,55525,1005,42482,7630,4408,27756,547,23701,1207,2301,27769,458,18781,6423,2107
울산광역시,70~74세,35148,370,24450,8411,1917,17433,185,15077,1138,1033,17715,185,9373,7273,884
울산광역시,75~79세,23725,201,13960,8651,913,10428,74,8636,1198,520,13297,127,5324,7453,393
울산광역시,80~84세,15016,126,6472,8160,258,5336,46,4281,892,117,9680,80,2191,7268,141
울산광역시,85세이상,10333,169,2611,7438,115,2432,16,1707,637,72,7901,153,904,6801,43
세종특별자치시,합계,277042,79282,174760,11943,11057,138054,44036,87755,1697,4566,138988,35246,87005,10246,6491
세종특별자치시,15~19세,18846,18846,-,-,-,9392,9392,-,-,-,9454,9454,-,-,-
세종특별자치시,20~24세,20512,20300,198,1,13,10843,10792,46,1,4,9669,9508,152,-,9
세종특별자치시,25~29세,19927,15603,4187,24,113,10202,8929,1221,15,37,9725,6674,2966,9,76
세종특별자치시,30~34세,24887,9388,15126,24,349,12173,5766,6297,15,95,12714,3622,8829,9,254
세종특별자치시,35~39세,34059,5384,27758,44,873,16575,3269,12995,24,287,17484,2115,14763,20,586
세종특별자치시,40~44세,34653,3743,29500,109,1301,17166,2273,14361,30,502,17487,1470,15139,79,799
세종특별자치시,45~49세,30954,2770,26076,222,1886,16289,1682,13808,52,747,14665,1088,12268,170,1139
세종특별자치시,50~54세,23571,1397,19607,382,2185,12309,822,10482,88,917,11262,575,9125,294,1268
세종특별자치시,55~59세,19732,909,16506,651,1666,10139,594,8696,114,735,9593,315,7810,537,931
세종특별자치시,60~64세,17117,512,14152,1192,1261,8519,298,7485,168,568,8598,214,6667,1024,693
세종특별자치시,65~69세,11539,266,9244,1313,716,5651,156,5046,151,298,5888,110,4198,1162,418
세종특별자치시,70~74세,7878,56,5843,1559,420,3806,28,3365,170,243,4072,28,2478,1389,177
세종특별자치시,75~79세,5857,53,3633,1975,196,2524,27,2140,257,100,3333,26,1493,1718,96
세종특별자치시,80~84세,4168,35,2042,2045,46,1554,7,1273,251,23,2614,28,769,1794,23
세종특별자치시,85세이상,3342,20,888,2402,32,912,1,540,361,10,2430,19,348,2041,22
경기도,합계,11164024,3488742,6369327,640929,665026,5585414,2003564,3189894,97325,294631,5578610,1485178,3179433,543604,370395
경기도,15~19세,648335,648069,243,1,22,332871,332826,29,1,15,315464,315243,214,-,7
경기도,20~24세,808894,798013,9502,395,984,421169,417701,2623,357,488,387725,380312,6879,38,496
경기도,25~29세,904805,784169,114523,984,5129,481163,441685,36462,877,2139,423642,342484,78061,107,2990
경기도,30~34세,824564,437565,373368,1143,12488,429201,271549,152532,741,4379,395363,166016,220836,402,8109
경기도,35~39세,1007461,275914,698617,2243,30687,516508,178001,325570,917,12020,490953,97913,373047,1326,18667
경기도,40~44세,1054406,190671,803901,4757,55077,535882,126659,385352,1545,22326,518524,64012,418549,3212,32751
경기도,45~49세,1148173,150721,885517,11407,100528,581446,103326,434099,2923,41098,566727,47395,451418,8484,59430
경기도,50~54세,1119026,94015,871771,23892,129348,560315,66882,431493,5728,56212,558711,27133,440278,18164,73136
경기도,55~59세,1033958,51562,817830,40257,124309,524219,36118,423507,7509,57085,509739,15444,394323,32748,67224
경기도,60~64세,888503,29228,693447,64695,101133,445476,17441,370092,10863,47080,443027,11787,323355,53832,54053
경기도,65~69세,579930,13505,438192,72346,55887,282391,6857,237617,10888,27029,297539,6648,200575,61458,28858
경기도,70~74세,420576,6423,299211,86524,28418,197002,2672,167756,12252,14322,223574,3751,131455,74272,14096
경기도,75~79세,328604,3606,202261,108863,13874,142275,1109,119936,14137,7093,186329,2497,82325,94726,6781
경기도,80~84세,228357,2309,111518,109334,5196,87649,471,69918,14710,2550,140708,1838,41600,94624,2646
경기도,85세이상,168432,2972,49426,114088,1946,47847,267,32908,13877,795,120585,2705,16518,100211,1151
강원도,합계,1329157,359283,764420,124877,80577,668564,219412,388274,19534,41344,660593,139871,376146,105343,39233
강원도,15~19세,72366,72308,57,-,1,38340,38332,7,-,1,34026,33976,50,-,-
강원도,20~24세,95232,91785,2466,461,520,53877,52051,987,406,433,41355,39734,1479,55,87
강원도,25~29세,84339,65810,16292,834,1403,48375,40287,6354,771,963,35964,25523,9938,63,440
강원도,30~34세,72513,36008,34679,295,1531,39128,23401,14824,231,672,33385,12607,19855,64,859
강원도,35~39세,87830,24920,59052,439,3419,45489,16675,27224,163,1427,42341,8245,31828,276,1992
강원도,40~44세,98019,19472,71591,707,6249,49700,13514,33395,204,2587,48319,5958,38196,503,3662
강원도,45~49세,117348,18153,86451,1647,11097,60692,13459,41737,454,5042,56656,4694,44714,1193,6055
강원도,50~54세,126700,12762,96040,3374,14524,65717,9714,47870,817,7316,60983,3048,48170,2557,7208
강원도,55~59세,131358,8385,102427,6451,14095,66517,6253,51572,1368,7324,64841,2132,50855,5083,6771
강원도,60~64세,135320,5035,105443,11224,13618,67645,3547,54939,2000,7159,67675,1488,50504,9224,6459
강원도,65~69세,95640,2208,71572,14028,7832,47083,1260,38979,2317,4527,48557,948,32593,11711,3305
강원도,70~74세,67813,1039,47295,16114,3365,31650,486,26741,2250,2173,36163,553,20554,13864,1192
강원도,75~79세,64601,618,39442,22652,1889,27557,278,23325,2792,1162,37044,340,16117,19860,727
강원도,80~84세,47425,330,22778,23539,778,18124,69,14515,3112,428,29301,261,8263,20427,350
강원도,85세이상,32653,450,8835,23112,256,8670,86,5805,2649,130,23983,364,3030,20463,126
충청북도,합계,1381085,408059,780060,114586,78380,699593,247895,396693,17486,37519,681492,160164,383367,97100,40861
충청북도,15~19세,79576,79530,40,-,6,41872,41862,10,-,-,37704,37668,30,-,6
충청북도,20~24세,106223,104065,1932,42,184,58181,57602,470,38,71,48042,46463,1462,4,113
충청북도,25~29세,101030,84656,15595,114,665,58224,52572,5288,75,289,42806,32084,10307,39,376
충청북도,30~34세,86765,44555,40431,180,1599,47102,29326,17102,73,601,39663,15229,23329,107,998
충청북도,35~39세,103470,28952,70050,315,4153,54014,19892,32468,75,1579,49456,9060,37582,240,2574
충청북도,40~44세,109162,21530,79574,662,7396,56480,15078,38116,201,3085,52682,6452,41458,461,4311
충청북도,45~49세,123911,17659,92955,1713,11584,63845,12903,45445,422,5075,60066,4756,47510,1291,6509
충청북도,50~54세,133879,11769,102937,3873,15300,68416,8747,51635,823,7211,65463,3022,51302,3050,8089
충청북도,55~59세,131928,6972,104251,6427,14278,67795,5150,54168,1376,7101,64133,1822,50083,5051,7177
충청북도,60~64세,125940,4462,98849,10966,11663,63502,2950,52770,1912,5870,62438,1512,46079,9054,5793
충청북도,65~69세,88503,1865,67521,12711,6406,43449,1045,36750,1908,3746,45054,820,30771,10803,2660
충청북도,70~74세,61963,881,44036,14140,2906,29525,369,25478,1954,1724,32438,512,18558,12186,1182
충청북도,75~79세,55887,515,33644,20275,1453,23465,241,19693,2719,812,32422,274,13951,17556,641
충청북도,80~84세,42162,297,19977,21349,539,15501,106,12168,2968,259,26661,191,7809,18381,280
충청북도,85세이상,30686,351,8268,21819,248,8222,52,5132,2942,96,22464,299,3136,18877,152
충청남도,합계,1806497,509966,1043126,154160,99245,919456,311983,535494,22610,49369,887041,197983,507632,131550,49876
충청남도,15~19세,105327,105269,56,1,1,54907,54894,12,1,-,50420,50375,44,-,1
충청남도,20~24세,127916,125399,2310,52,155,68805,68164,559,35,47,59111,57235,1751,17,108
충청남도,25~29세,119515,98466,20059,99,891,67311,60852,6061,69,329,52204,37614,13998,30,562
충청남도,30~34세,117222,56440,58418,217,2147,63898,38594,24346,128,830,53324,17846,34072,89,1317
충청남도,35~39세,144801,38086,100477,627,5611,77356,27111,47632,254,2359,67445,10975,52845,373,3252
충청남도,40~44세,151756,28786,112483,1036,9451,80666,21041,55219,298,4108,71090,7745,57264,738,5343
충청남도,45~49세,164549,23171,123717,1929,15732,87466,17531,62143,484,7308,77083,5640,61574,1445,8424
충청남도,50~54세,163975,14601,126650,4084,18640,86482,11147,65074,967,9294,77493,3454,61576,3117,9346
충청남도,55~59세,165142,8691,130711,7626,18114,86476,6352,69448,1469,9207,78666,2339,61263,6157,8907
충청남도,60~64세,154302,5502,121440,12761,14599,77662,3678,64263,2005,7716,76640,1824,57177,10756,6883
충청남도,65~69세,113678,2603,87342,16227,7506,55601,1456,47300,2489,4356,58077,1147,40042,13738,3150
충청남도,70~74세,90622,1384,65616,19719,3903,43452,648,37681,2700,2423,47170,736,27935,17019,1480
충청남도,75~79세,76460,818,47405,26584,1653,32098,351,27311,3455,981,44362,467,20094,23129,672
충청남도,80~84세,62296,347,31363,30030,556,23127,114,18680,4015,318,39169,233,12683,26015,238
충청남도,85세이상,48936,403,15079,33168,286,14149,50,9765,4241,93,34787,353,5314,28927,193
전라북도,합계,1551983,441986,873754,151739,84504,769256,265887,442038,20126,41205,782727,176099,431716,131613,43299
전라북도,15~19세,92961,92914,40,-,7,49060,49046,7,-,7,43901,43868,33,-,-
전라북도,20~24세,115947,113660,2112,22,153,63789,63166,551,22,50,52158,50494,1561,-,103
전라북도,25~29세,97122,81676,14645,88,713,53007,47913,4747,54,293,44115,33763,9898,34,420
전라북도,30~34세,81111,44337,35004,158,1612,42377,28152,13645,61,519,38734,16185,21359,97,1093
전라북도,35~39세,102185,30455,66742,436,4552,52268,20881,29579,134,1674,49917,9574,37163,302,2878
전라북도,40~44세,117182,24765,84108,821,7488,59881,17878,39015,259,2729,57301,6887,45093,562,4759
전라북도,45~49세,141239,21547,104245,1843,13604,72939,16132,50602,456,5749,68300,5415,53643,1387,7855
전라북도,50~54세,145776,13533,112543,4152,15548,75336,10314,56652,811,7559,70440,3219,55891,3341,7989
전라북도,55~59세,143414,8332,113175,6850,15057,73281,6238,57868,1282,7893,70133,2094,55307,5568,7164
전라북도,60~64세,140085,5145,109980,12412,12548,69686,3552,57212,2027,6895,70399,1593,52768,10385,5653
전라북도,65~69세,106269,2490,81083,15467,7229,51626,1533,43451,2322,4320,54643,957,37632,13145,2909
전라북도,70~74세,91291,1294,65441,20988,3568,42617,681,36873,2845,2218,48674,613,28568,18143,1350
전라북도,75~79세,74864,727,45080,27528,1529,30626,249,26488,2987,902,44238,478,18592,24541,627
전라북도,80~84세,57245,530,26733,29401,581,20521,114,16769,3346,292,36724,416,9964,26055,289
전라북도,85세이상,45292,581,12823,31573,315,12242,38,8579,3520,105,33050,543,4244,28053,210
전라남도,합계,1535325,384125,893370,177968,79862,769088,243016,460999,22822,42251,766237,141109,432371,155146,37611
전라남도,15~19세,81864,81812,41,1,10,43879,43857,14,1,7,37985,37955,27,-,3
전라남도,20~24세,92307,90173,1902,71,161,53942,53148,617,71,106,38365,37025,1285,-,55
전라남도,25~29세,86664,71240,14546,162,716,48333,43175,4662,138,358,38331,28065,9884,24,358
전라남도,30~34세,75955,37234,36941,158,1622,39947,24740,14638,81,488,36008,12494,22303,77,1134
전라남도,35~39세,100239,28569,67194,408,4068,52744,20398,30560,138,1648,47495,8171,36634,270,2420
전라남도,40~44세,112313,22552,81514,873,7374,59108,17193,38547,232,3136,53205,5359,42967,641,4238
전라남도,45~49세,132935,20288,98200,2140,12307,70861,16044,48453,534,5830,62074,4244,49747,1606,6477
전라남도,50~54세,146269,13842,113719,4157,14551,78291,11025,58603,917,7746,67978,2817,55116,3240,6805
전라남도,55~59세,148181,8592,117077,7678,14834,77383,6947,60844,1386,8206,70798,1645,56233,6292,6628
전라남도,60~64세,145680,5097,115999,12845,11739,73683,3882,60698,2142,6961,71997,1215,55301,10703,4778
전라남도,65~69세,110278,2235,83672,17312,7059,54023,1518,45694,2443,4368,56255,717,37978,14869,2691
전라남도,70~74세,97371,1068,68958,23998,3347,45672,657,39835,2998,2182,51699,411,29123,21000,1165
전라남도,75~79세,87181,565,51180,34162,1274,35275,279,30519,3683,794,51906,286,20661,30479,480
전라남도,80~84세,68245,365,30171,37227,482,23524,95,19008,4116,305,44721,270,11163,33111,177
전라남도,85세이상,49843,493,12256,36776,318,12423,58,8307,3942,116,37420,435,3949,32834,202
경상북도,합계,2275540,598949,1330212,230028,116351,1141517,372676,678851,31713,58277,1134023,226273,651361,198315,58074
경상북도,15~19세,119205,119152,41,-,12,64371,64366,5,-,-,54834,54786,36,-,12
경상북도,20~24세,147069,144233,2565,73,198,84050,83163,744,61,82,63019,61070,1821,12,116
경상북도,25~29세,134586,113391,20134,140,921,77065,70180,6445,106,334,57521,43211,13689,34,587
경상북도,30~34세,125324,65217,57810,262,2035,68672,44635,23224,117,696,56652,20582,34586,145,1339
경상북도,35~39세,157660,45078,106113,523,5946,82355,30927,49029,194,2205,75305,14151,57084,329,3741
경상북도,40~44세,169711,35138,123228,1356,9989,88300,25188,58542,360,4210,81411,9950,64686,996,5779
경상북도,45~49세,199406,29812,149495,2536,17563,103286,21894,72610,673,8109,96120,7918,76885,1863,9454
경상북도,50~54세,217805,20177,170141,6079,21408,112242,15336,85146,1267,10493,105563,4841,84995,4812,10915
경상북도,55~59세,226035,11833,181382,10907,21913,115626,8626,93320,2199,11481,110409,3207,88062,8708,10432
경상북도,60~64세,222509,7336,176952,20322,17899,111396,4925,93176,3350,9945,111113,2411,83776,16972,7954
경상북도,65~69세,170719,3570,130785,25813,10551,82573,2040,70452,3961,6120,88146,1530,60333,21852,4431
경상북도,70~74세,126796,1612,90135,30275,4774,60387,791,52450,4252,2894,66409,821,37685,26023,1880
경상북도,75~79세,109477,1022,64737,41691,2027,44492,378,38127,4815,1172,64985,644,26610,36876,855
경상북도,80~84세,85955,670,39622,44900,763,30160,154,24399,5184,423,55795,516,15223,39716,340
경상북도,85세이상,63283,708,17072,45151,352,16542,73,11182,5174,113,46741,635,5890,39977,239
경상남도,합계,2811060,762176,1646795,240081,162008,1409793,466941,832075,31686,79091,1401267,295235,814720,208395,82917
경상남도,15~19세,154959,154894,64,-,1,82920,82901,18,-,1,72039,71993,46,-,-
경상남도,20~24세,179537,176899,2398,47,193,102593,101892,587,35,79,76944,75007,1811,12,114
경상남도,25~29세,176865,150120,25435,161,1149,97906,89006,8253,136,511,78959,61114,17182,25,638
경상남도,30~34세,167446,85033,79375,355,2683,89070,55980,31968,145,977,78376,29053,47407,210,1706
경상남도,35~39세,223838,58930,156739,699,7470,115645,40584,71863,270,2928,108193,18346,84876,429,4542
경상남도,40~44세,244335,45397,183018,1530,14390,125853,32582,86588,396,6287,118482,12815,96430,1134,8103
경상남도,45~49세,275952,36820,211119,3362,24651,141382,27342,101959,851,11230,134570,9478,109160,2511,13421
경상남도,50~54세,288390,23406,226327,7138,31519,146742,17376,112484,1450,15432,141648,6030,113843,5688,16087
경상남도,55~59세,276624,13581,220080,13100,29863,140255,9734,113080,2575,14866,136369,3847,107000,10525,14997
경상남도,60~64세,260218,8313,203468,23299,25138,130350,5543,107922,3832,13053,129868,2770,95546,19467,12085
경상남도,65~69세,185423,4259,138289,28329,14546,90311,2443,75870,4062,7936,95112,1816,62419,24267,6610
경상남도,70~74세,133673,1744,92551,33329,6049,62823,862,54011,4426,3524,70850,882,38540,28903,2525
경상남도,75~79세,106619,1044,60481,42361,2733,43141,471,36615,4497,1558,63478,573,23866,37864,1175
경상남도,80~84세,79504,712,33737,43887,1168,26904,141,21692,4523,548,52600,571,12045,39364,620
경상남도,85세이상,57677,1024,13714,42484,455,13898,84,9165,4488,161,43779,940,4549,37996,294
제주특별자치도,합계,549647,165077,306898,40685,36987,274376,95612,155858,5838,17068,275271,69465,151040,34847,19919
제주특별자치도,15~19세,32883,32852,17,14,-,17411,17411,-,-,-,15472,15441,17,14,-
제주특별자치도,20~24세,36772,35820,878,11,63,19810,19502,286,11,11,16962,16318,592,-,52
제주특별자치도,25~29세,38934,31833,6738,60,303,20414,18006,2308,23,77,18520,13827,4430,37,226
제주특별자치도,30~34세,33811,17330,15713,61,707,17242,10621,6332,26,263,16569,6709,9381,35,444
제주특별자치도,35~39세,45994,13465,30400,160,1969,23155,8353,14026,56,720,22839,5112,16374,104,1249
제주특별자치도,40~44세,49813,11141,35074,281,3317,25490,7165,16725,119,1481,24323,3976,18349,162,1836
제주특별자치도,45~49세,57595,9085,41769,708,6033,29819,6150,20835,168,2666,27776,2935,20934,540,3367
제주특별자치도,50~54세,55950,6450,40908,1620,6972,29131,4173,21388,323,3247,26819,2277,19520,1297,3725
제주특별자치도,55~59세,50719,3445,38224,2306,6744,26067,2305,20209,456,3097,24652,1140,18015,1850,3647
제주특별자치도,60~64세,44965,1737,34138,3565,5525,22607,1072,18165,498,2872,22358,665,15973,3067,2653
제주특별자치도,65~69세,30856,981,22717,4229,2929,14975,531,12389,637,1418,15881,450,10328,3592,1511
제주특별자치도,70~74세,24555,358,17562,5277,1358,11485,160,10008,582,735,13070,198,7554,4695,623
제주특별자치도,75~79세,19682,267,12311,6414,690,8547,92,7201,904,350,11135,175,5110,5510,340
제주특별자치도,80~84세,14662,135,7256,7023,248,5360,52,4166,1045,97,9302,83,3090,5978,151
제주특별자치도,85세이상,12456,178,3193,8956,129,2863,19,1820,990,34,9593,159,1373,7966,95
